House

VERTICES 22
FACES    10
SCALE    1
PERSP    1
PERSD   60
PERSS   15
XEYE   5.0
YEYE   5.0
ZEYE   -20.0
XT      0.0
YT      0.0
ZT      0.0
XINC    0.005
YINC    0.005
ZINC    0.0

VERTICES
-2     -2     -3
 2     -2     -3
 2      2     -3
 0      4     -3
-2      2     -3
-2     -2      3
 2     -2      3
 2      2      3
 0      4      3
-2      2      3
 2     -2      0
 2      0      0
 2      0     -1
 2     -2     -1
-2      0     -2
-2      1     -2
-2      1     -1
-2      0     -1
-2      0      2
-2      1      2
-2      1      1
-2      0      1

FACES
5   0   1   2   3   4
5   5   6   7   8   9
4   0   5   6   1
4   0   5   9   4
4   1   6   7   2
4   2   7   8   3
4   4   9   8   3
4   11  12  13  10
4   14  15  16  17
4   18  19  20  21
